recipients,donors,transconjugants,segregadas,adaptations_number,cycle
940472,9132,375,21,0,6345056
940472,8945,559,24,0,9433578
940262,8973,740,25,0,12435661
940003,9060,907,30,0,15434585
939619,9229,1111,41,0,18436749
939286,9435,1232,47,0,21442147
938936,9665,1356,43,0,24434922
938604,9835,1522,39,0,27442495
938327,10014,1614,45,0,30446783
937981,10196,1775,48,0,33437999
937759,10390,1815,36,0,36438042
937464,10634,1846,56,0,39435019
937254,10757,1941,48,0,42434838
936945,10967,2048,40,0,45421014
936769,11238,1954,39,0,48416926
936520,11468,1960,52,0,51421346
936172,11720,2052,56,0,54410519
935941,11896,2091,72,0,57395198
935572,12244,2121,63,0,60389072
935304,12405,2215,76,0,63387864
935073,12589,2272,66,0,66394020
934908,12790,2238,64,0,69397623
934594,13041,2297,68,0,72393386
934520,13149,2257,74,0,75390599
934294,13286,2338,82,0,78369152
934028,13485,2390,97,0,81357896
933764,13783,2357,96,0,84364845
933308,14114,2465,113,0,87365009
932935,14422,2530,113,0,90347233
932652,14723,2501,124,0,93338367
932356,15040,2490,114,0,96334146
932000,15309,2547,144,0,99336942
931882,15353,2625,140,0,102335627
931500,15675,2700,125,0,105326486
931220,15907,2722,151,0,108329748
930806,16262,2753,179,0,111327266
930340,16647,2833,180,0,114321855
929900,16898,3029,173,0,117320825
929665,17108,3068,159,0,120322819
929341,17453,3046,160,0,123318142
929006,17730,3088,176,0,126316279
928781,17866,3163,190,0,129312523
928244,18433,3118,205,0,132313027
928010,18599,3197,194,0,135316408
927659,18913,3231,197,0,138328163
927322,19283,3179,216,0,141330366
927041,19618,3150,191,0,144330851
926686,20002,3135,177,0,147331032
926195,20408,3201,196,0,150321384
925843,20757,3188,212,0,153329066
925441,21080,3286,193,0,156333071
925168,21330,3302,200,0,159325006
924710,21657,3398,235,0,162326582
924496,21843,3420,241,0,165320474
923954,22270,3528,248,0,168323921
923608,22612,3544,236,0,171326822
923178,23016,3572,234,0,174324838
922620,23565,3554,261,0,177326641
922343,23825,3553,279,0,180320316
922038,24044,3626,292,0,183325901
921510,24450,3741,299,0,186321453
920895,25067,3739,299,0,189327693
920542,25287,3869,302,0,192333064
920045,25604,4094,257,0,195335587
919566,26060,4103,271,0,198340627
919211,26423,4098,268,0,201344002
918693,26967,4061,279,0,204336102
918175,27457,4100,268,0,207328093
917705,27946,4071,278,0,210316829
917303,28348,4062,287,0,213315355
916867,28658,4163,312,0,216312795
916396,29088,4213,303,0,219314576
915763,29715,4256,266,0,222311559
915087,30276,4365,272,0,225317741
914747,30555,4416,282,0,228322775
914240,30969,4508,283,0,231322549
913674,31471,4534,321,0,234324452
912994,32134,4551,321,0,237328445
912553,32598,4557,292,0,240336414
911855,33282,4561,302,0,243345246
911325,33821,4555,299,0,246349285
910724,34371,4581,324,0,249359347
910227,34810,4636,327,0,252360511
909791,35083,4816,310,0,255367517
909298,35675,4733,294,0,258376877
908418,36411,4878,293,0,261379962
907958,36946,4819,277,0,264383669
907531,37430,4744,295,0,267398691
906788,38095,4789,328,0,270399645
906220,38649,4824,307,0,273399402
905871,39035,4772,322,0,276395174
905121,39636,4908,335,0,279401450
904522,40108,5010,360,0,282403664
903999,40587,5078,336,0,285406511
903439,41092,5118,351,0,288410665
902730,41765,5150,355,0,291416722
901903,42483,5275,339,0,294416709
901389,42840,5419,352,0,297414218
900795,43472,5367,366,0,300424238
900099,44205,5357,339,0,303430092
899555,44752,5336,357,0,306431888
899203,45216,5223,358,0,309440841
898741,45756,5173,330,0,312448798
898000,46533,5145,322,0,315441445
897269,47211,5214,306,0,318440632
896491,47835,5385,289,0,321442803
895806,48462,5421,311,0,324446570
895150,49123,5423,304,0,327450112
894318,49926,5461,295,0,330445427
893608,50639,5435,318,0,333451690
892964,51398,5321,317,0,336463701
892142,52040,5504,314,0,339464035
891299,52817,5541,343,0,342476934
890375,53580,5736,309,0,345480901
889689,54177,5826,308,0,348487811
889053,54849,5787,311,0,351498727
888310,55517,5853,320,0,354502847
887593,56051,6034,322,0,357507260
886682,56700,6270,348,0,360510774
886127,57267,6272,334,0,363514115
885163,58209,6286,342,0,366517845
884238,59063,6331,368,0,369528127
883511,59781,6320,388,0,372534711
882603,60670,6366,361,0,375543536
881632,61552,6439,377,0,378542261
880841,62361,6434,364,0,381568048
880168,63014,6471,347,0,384572380
879332,63964,6368,336,0,387560105
878549,64751,6361,339,0,390555576
877770,65434,6438,358,0,393557209
876780,66387,6442,391,0,396559666
876046,67040,6529,385,0,399570426
875282,67645,6678,395,0,402554501
874264,68610,6739,387,0,405545973
873218,69546,6878,358,0,408544932
872335,70515,6782,368,0,411554462
871354,71425,6826,395,0,414562632
870455,72153,6941,451,0,417566943
869625,72841,7080,454,0,420568429
868561,73787,7197,455,0,423574013
867756,74519,7239,486,0,426592177
866853,75362,7287,498,0,429600463
866195,76023,7277,505,0,432613761
865321,76666,7479,534,0,435620411
864300,77724,7405,571,0,438627102
863328,78717,7421,534,0,441642310
862226,79689,7530,555,0,444644539
861310,80602,7553,535,0,447654185
860582,81494,7422,502,0,450658559
859654,82438,7385,523,0,453665545
858354,83603,7521,522,0,456672564
857582,84202,7661,555,0,459675915
857140,84778,7583,499,0,462684958
856100,85852,7542,506,0,465697642
854944,86792,7733,531,0,468701227
854039,87655,7775,531,0,471700979
852901,88788,7781,530,0,474716147
851684,89938,7826,552,0,477707139
850976,90577,7897,550,0,480717772
849660,91936,7836,568,0,483724599
848555,93035,7833,577,0,486727402
847396,94218,7801,585,0,489732274
846136,95224,8021,619,0,492735515
845145,96196,8027,632,0,495727494
844102,97343,7975,580,0,498741798
843102,98367,7952,579,0,501753486
842129,99381,7899,591,0,504748051
841047,100341,8051,561,0,507756550
840064,101182,8185,569,0,510755297
838775,102293,8345,587,0,513765824
837776,103285,8382,557,0,516785358
836840,104291,8293,576,0,519794232
835974,105147,8275,604,0,522780964
834694,106317,8347,642,0,525780399
833490,107384,8436,690,0,528785108
832204,108690,8402,704,0,531788651
831073,109628,8582,717,0,534798065
830148,110551,8563,738,0,537802045
829357,111342,8544,757,0,540800171
828193,112330,8726,751,0,543806450
826999,113311,8877,813,0,546830068
826038,114288,8849,825,0,549851398
824630,115729,8822,819,0,552857926
823446,116953,8815,786,0,555857259
822337,117990,8848,825,0,558852112
821120,119173,8878,829,0,561866038
820163,120221,8819,797,0,564874731
819375,121018,8891,716,0,567884662
818210,122145,8966,679,0,570902914
817112,123316,8856,716,0,573914648
815847,124740,8690,723,0,576925556
814459,125777,9013,751,0,579936148
813528,126667,9015,790,0,582930139
812125,127781,9292,802,0,585939990
811121,128720,9344,815,0,588948095
809860,129907,9453,780,0,591952856
808917,130810,9464,809,0,594964576
807562,132224,9390,824,0,597964691
806781,133046,9339,834,0,600988023
805673,134224,9240,863,0,603994957
804370,135279,9484,867,0,607005960
802946,136734,9491,829,0,610009856
801763,137883,9572,782,0,613015225
800509,139112,9607,772,0,616016420
799185,140342,9711,762,0,619026800
798006,141614,9673,707,0,622041950
796695,142910,9754,641,0,625054930
795552,144072,9736,640,0,628066076
794430,145301,9637,632,0,631076676
793583,146169,9619,629,0,634093598
792432,147159,9788,621,0,637099735
791054,148513,9791,642,0,640126183
790090,149543,9751,616,0,643136252
788547,150903,9881,669,0,646150794
787453,151980,9867,700,0,649151156
786003,153304,9996,697,0,652165074
784896,154376,10068,660,0,655187185
783567,155628,10175,630,0,658194767
782666,156522,10163,649,0,661209973
781358,157821,10091,730,0,664212230
779877,159127,10261,735,0,667202081
778335,160791,10158,716,0,670204039
776664,162633,9987,716,0,673214048
775253,163980,10073,694,0,676222177
773876,165229,10117,778,0,679223948
772589,166535,10172,704,0,682239413
771223,167617,10384,776,0,685245790
769917,168819,10434,830,0,688256064
768601,169968,10635,796,0,691261568
767097,171640,10436,827,0,694265634
765950,172542,10690,818,0,697259808
764669,173826,10641,864,0,700278342
763098,175322,10727,853,0,703282418
761440,177221,10433,906,0,706289587
760382,178355,10325,938,0,709301643
758897,179861,10343,899,0,712320417
757898,180914,10281,907,0,715322187
756648,182266,10211,875,0,718333834
754724,183881,10516,879,0,721336368
753452,185076,10569,903,0,724351888
751855,186590,10615,940,0,727363412
750315,187994,10748,943,0,730371222
748872,189486,10735,907,0,733386202
747691,190788,10593,928,0,736402958
746199,192222,10646,933,0,739406050
744726,193783,10577,914,0,742413030
743268,195143,10739,850,0,745428269
741684,196648,10767,901,0,748442167
740103,198180,10784,933,0,751441236
738545,199571,11020,864,0,754452703
737586,200528,11066,820,0,757450987
736132,202029,11040,799,0,760459715
734566,203631,10966,837,0,763459321
733236,204971,10907,886,0,766467728
731814,206418,10914,854,0,769472045
730422,207854,10898,826,0,772483221
728596,209569,10966,869,0,775494395
727660,210376,11029,935,0,778516674
726194,211801,11023,982,0,781521743
724906,212974,11117,1003,0,784537479
723648,214354,10987,1011,0,787558469
722292,215625,11089,994,0,790564276
721373,216662,10997,968,0,793567934
720126,217824,11017,1033,0,796587898
718711,219154,11058,1077,0,799596095
717164,220795,11004,1037,0,802595238
715839,222079,11072,1010,0,805611648
714780,223361,10926,933,0,808618601
713332,224894,10890,884,0,811636534
711974,226114,11043,869,0,814649411
710582,227420,11137,861,0,817645552
709274,228630,11145,951,0,820652272
707754,230067,11229,950,0,823668298
706524,231357,11140,979,0,826679697
704598,233211,11202,989,0,829696918
703002,234663,11234,1101,0,832712320
701473,236095,11301,1131,0,835725258
700059,237247,11526,1168,0,838753374
698524,238807,11565,1104,0,841769335
697080,240361,11404,1155,0,844777408
695331,242053,11498,1118,0,847791994
693813,243547,11517,1123,0,850800384
692090,245090,11676,1144,0,853796252
690882,246274,11696,1148,0,856801728
690149,247082,11559,1210,0,859812113
688253,248935,11691,1121,0,862829295
686955,250118,11783,1144,0,865832093
685543,251625,11694,1138,0,868861738
684094,252938,11809,1159,0,871870986
682450,254577,11827,1146,0,874877970
681048,255945,11786,1221,0,877893931
679419,257556,11877,1148,0,880914868
677669,259501,11698,1132,0,883929586
675996,260923,11906,1175,0,886956068
674278,262466,12116,1140,0,889957294
672819,263857,12136,1188,0,892967335
671479,265279,12079,1163,0,895982678
669942,266911,11989,1158,0,899008379
668511,268334,11992,1163,0,902014686
666858,269865,12049,1228,0,905042398
665271,271398,12146,1185,0,908045395
663772,272924,12132,1172,0,911053988
662478,274243,12116,1163,0,914070804
660954,275629,12201,1216,0,917091679
659282,277361,12150,1207,0,920104575
657655,278741,12355,1249,0,923123809
656181,279982,12479,1358,0,926135127
654584,281622,12435,1359,0,929136051
653304,283082,12316,1298,0,932156328
651562,284692,12471,1275,0,935170676
650300,286014,12391,1295,0,938183894
648825,287523,12399,1253,0,941205433
646885,289143,12695,1277,0,944219478
645693,290364,12668,1275,0,947226230
643969,292118,12637,1276,0,950235877
642089,293955,12668,1288,0,953240264
640696,295450,12536,1318,0,956253490
639173,297003,12580,1244,0,959267608
637469,298936,12426,1169,0,962286933
636254,300097,12356,1293,0,965300891
634880,301410,12404,1306,0,968306227
633448,303046,12235,1271,0,971322777
631857,304487,12278,1378,0,974322030
630521,305996,12135,1348,0,977319722
628836,307409,12430,1325,0,980336388
627275,308844,12490,1391,0,983352669
625801,310287,12530,1382,0,986361748
623607,312334,12769,1290,0,989372859
622359,313693,12684,1264,0,992393460
620672,315467,12644,1217,0,995415753
619236,316858,12674,1232,0,998433317
617860,318159,12763,1218,0,1001440199
616452,319633,12714,1201,0,1004454287
615058,321072,12671,1199,0,1007460761
613636,322450,12755,1159,0,1010480664
612255,323903,12647,1195,0,1013492793
610808,325120,12880,1192,0,1016506137
609491,326514,12784,1211,0,1019519374
607825,328313,12657,1205,0,1022525512
606354,329802,12599,1245,0,1025541218
605180,331130,12447,1243,0,1028549739
603551,332846,12349,1254,0,1031574073
602096,334424,12189,1291,0,1034599807
600570,335992,12129,1309,0,1037610071
598422,337921,12263,1394,0,1040627243
597064,339257,12424,1255,0,1043635535
595477,340620,12584,1319,0,1046648222
593716,342330,12582,1372,0,1049662314
592424,343672,12558,1346,0,1052673097
590993,344971,12634,1402,0,1055698341
589347,346513,12730,1410,0,1058711355
588064,347584,12868,1484,0,1061726525
586622,349235,12720,1423,0,1064747966
585073,350888,12740,1299,0,1067761075
583199,352692,12763,1346,0,1070785985
581484,354475,12678,1363,0,1073799015
579997,355695,12907,1401,0,1076815265
578326,357410,12874,1390,0,1079829250
576573,359144,12899,1384,0,1082838240
575514,360069,13025,1392,0,1085856692
573614,361984,12970,1432,0,1088866760
572391,363260,12952,1397,0,1091877170
570559,365273,12718,1450,0,1094878101
568781,367078,12744,1397,0,1097889880
567098,368711,12728,1463,0,1100897451
565559,370294,12710,1437,0,1103908089
564198,371615,12763,1424,0,1106916272
562982,373008,12641,1369,0,1109933629
560878,375146,12548,1428,0,1112939669
559369,376665,12505,1461,0,1115952018
557546,378274,12685,1495,0,1118959574
555901,379872,12774,1453,0,1121982894
554612,381119,12771,1498,0,1124998577
553262,382440,12827,1471,0,1128016306
551658,384022,12847,1473,0,1131037491
549733,385931,12908,1428,0,1134047213
548250,387392,12907,1451,0,1137056470
547132,388551,12851,1466,0,1140082189
545086,390199,13248,1467,0,1143098119
543187,391980,13388,1445,0,1146120519
541582,393478,13479,1461,0,1149139415
539948,395186,13373,1493,0,1152147738
538342,396932,13240,1486,0,1155165684
536853,398636,13081,1430,0,1158175391
535681,400100,12811,1408,0,1161191563
533898,401684,12947,1471,0,1164199375
532202,403431,12950,1417,0,1167216914
530519,405088,12902,1491,0,1170214816
529179,406456,12870,1495,0,1173230006
527859,408002,12749,1390,0,1176244429
525861,410127,12669,1343,0,1179257692
524667,411159,12774,1400,0,1182262300
523302,412712,12646,1340,0,1185276879
521251,414544,12853,1352,0,1188283438
519795,415962,12844,1399,0,1191293495
518046,417727,12799,1428,0,1194295095
516367,419375,12802,1456,0,1197297919
514746,420701,13035,1518,0,1200321491
513218,422382,12914,1486,0,1203344091
511900,423922,12729,1449,0,1206356384
510225,425605,12650,1520,0,1209361484
508641,427167,12745,1447,0,1212373580
507069,428524,12929,1478,0,1215384266
505505,430003,13062,1430,0,1218397175
504062,431395,13170,1373,0,1221397904
502564,433115,12939,1382,0,1224414467
500865,434803,12922,1410,0,1227432491
499177,436453,12882,1488,0,1230450953
497185,438490,12812,1513,0,1233472231
495675,439853,12914,1558,0,1236490426
493847,441354,13144,1655,0,1239503317
492147,443029,13186,1638,0,1242526882
490506,444711,13173,1610,0,1245545247
489108,446054,13201,1637,0,1248557121
487621,447628,13142,1609,0,1251560071
486140,449094,13171,1595,0,1254574217
484486,450853,13129,1532,0,1257580854
482987,452333,13207,1473,0,1260577980
481344,453713,13462,1481,0,1263583304
479904,455396,13204,1496,0,1266599234
478397,457112,12953,1538,0,1269612520
476354,459249,12937,1460,0,1272613852
474624,460830,13029,1517,0,1275623249
473027,462455,13020,1498,0,1278640945
471175,464380,12842,1603,0,1281656605
469720,465942,12827,1511,0,1284678759
468157,467301,13017,1525,0,1287701381
466413,468925,13063,1599,0,1290721999
464924,470484,13065,1527,0,1293743470
463481,471835,13172,1512,0,1296759613
461823,473438,13252,1487,0,1299776890
460457,475009,13031,1503,0,1302790629
458731,476736,12969,1564,0,1305798910
457243,478316,12871,1570,0,1308810711
455667,479906,12801,1626,0,1311828762
453817,481735,12795,1653,0,1314848638
451925,483338,13001,1736,0,1317861506
450401,484689,13199,1711,0,1320881205
448942,486068,13320,1670,0,1323899941
446753,488227,13346,1674,0,1326910384
444930,489727,13677,1666,0,1329927541
443670,490981,13610,1739,0,1332945124
441736,492939,13694,1631,0,1335959809
440289,494657,13463,1591,0,1338964985
438994,496069,13293,1644,0,1341966398
437575,497442,13296,1687,0,1344980170
435746,499091,13411,1752,0,1347993762
434083,500752,13371,1794,0,1351005459
432364,502404,13423,1809,0,1354037878
430866,504024,13203,1907,0,1357047140
429436,505530,13089,1945,0,1360070403
427792,507095,13176,1937,0,1363080643
426451,508507,13114,1928,0,1366098017
424947,510209,12934,1910,0,1369105354
423374,511977,12867,1782,0,1372145309
421756,513660,12843,1741,0,1375150102
420470,515252,12500,1778,0,1378167011
418985,516711,12530,1774,0,1381191591
416935,518493,12765,1807,0,1384215766
415267,520234,12680,1819,0,1387228302
414090,521391,12648,1871,0,1390236819
412299,522977,12797,1927,0,1393248285
410967,524503,12634,1896,0,1396277630
409874,525888,12321,1917,0,1399283634
408542,527509,12111,1838,0,1402285121
406693,529333,12184,1790,0,1405294548
405111,530750,12359,1780,0,1408305364
403617,532167,12395,1821,0,1411318210
401863,533916,12424,1797,0,1414325961
400078,535736,12465,1721,0,1417336702
398350,537336,12518,1796,0,1420351576
396941,538785,12509,1765,0,1423359109
395277,540708,12301,1714,0,1426363284
393694,542271,12319,1716,0,1429375961
392036,544011,12287,1666,0,1432383070
390376,545780,12225,1619,0,1435386240
388615,547317,12396,1672,0,1438394080
387452,548458,12361,1729,0,1441404504
385261,550621,12509,1609,0,1444418623
383514,552298,12633,1555,0,1447415031
381735,553996,12640,1629,0,1450431874
380493,555079,12793,1635,0,1453439903
379039,556548,12789,1624,0,1456454501
377570,557958,12857,1615,0,1459461866
376027,559667,12637,1669,0,1462482553
374481,561292,12552,1675,0,1465499755
373305,562568,12460,1667,0,1468508309
371625,564294,12485,1596,0,1471525539
370434,565605,12415,1546,0,1474542914
368782,567138,12474,1606,0,1477540730
367467,568736,12253,1544,0,1480556825
366282,569886,12330,1502,0,1483569383
364427,571663,12434,1476,0,1486577004
362864,573309,12292,1535,0,1489599611
361481,574734,12279,1506,0,1492615139
359888,576536,12102,1474,0,1495613998
358269,578273,11965,1493,0,1498619475
356750,579824,11940,1486,0,1501631120
355275,581141,12009,1575,0,1504639308
353947,582539,11879,1635,0,1507654319
352364,584461,11526,1649,0,1510668840
350700,585875,11698,1727,0,1513686699
349292,587214,11783,1711,0,1516703455
347689,588837,11768,1706,0,1519720039
345959,590440,11826,1775,0,1522736158
344024,592421,11736,1819,0,1525746090
342503,593873,11824,1800,0,1528758574
341284,595063,11805,1848,0,1531769871
339842,596567,11750,1841,0,1534762316
338511,597911,11725,1853,0,1537775894
337064,599511,11693,1732,0,1540800021
335461,601088,11690,1761,0,1543813298
333786,602649,11720,1845,0,1546821445
332313,604108,11808,1771,0,1549835552
330907,605578,11863,1652,0,1552847987
329601,606906,11790,1703,0,1555843633
327890,608715,11745,1650,0,1558860450
326920,609599,11725,1756,0,1561869053
325736,610961,11618,1685,0,1564886447
324059,612854,11464,1623,0,1567910100
322652,614216,11437,1695,0,1570934894
321351,615629,11344,1676,0,1573948159
319812,616986,11401,1801,0,1576962161
318150,618597,11456,1797,0,1579976179
316970,619754,11402,1874,0,1582993583
315283,621397,11437,1883,0,1586003475
314121,622626,11357,1896,0,1589010921
312844,623742,11476,1938,0,1592028956
311351,625155,11532,1962,0,1595042281
309876,626774,11341,2009,0,1598057949
308675,627923,11444,1958,0,1601062575
307336,629393,11396,1875,0,1604080635
305915,630781,11390,1914,0,1607093327
304436,632317,11373,1874,0,1610105059
303206,633624,11252,1918,0,1613110865
301948,635001,11122,1929,0,1616131601
300878,636178,11010,1934,0,1619143225
299252,637779,10964,2005,0,1622153056
297695,639133,11123,2049,0,1625158874
296065,640844,11109,1982,0,1628175531
294674,642327,11026,1973,0,1631183656
293086,643875,11027,2012,0,1634203933
291758,645223,11032,1987,0,1637217369
290529,646518,11026,1927,0,1640224587
289277,647865,10895,1963,0,1643235032
288078,649048,10901,1973,0,1646247852
286780,650243,10997,1980,0,1649257564
285172,651820,11030,1978,0,1652275502
283902,653164,11014,1920,0,1655280978
282725,654226,11164,1885,0,1658286523
280970,655833,11324,1873,0,1661294237
280027,656667,11303,2003,0,1664302449
278826,657989,11097,2088,0,1667331169
277360,659556,10914,2170,0,1670347983
276371,660719,10739,2171,0,1673354794
274976,661891,10906,2227,0,1676379411
273588,663249,10951,2212,0,1679398920
272145,664814,10895,2146,0,1682408403
270644,666392,10810,2154,0,1685418227
269351,667630,10824,2195,0,1688422079
267800,669308,10658,2234,0,1691441063
266525,670564,10718,2193,0,1694458171
265359,672070,10415,2156,0,1697470286
264458,672919,10384,2239,0,1700467234
262901,674498,10455,2146,0,1703485623
261704,675753,10474,2069,0,1706502646
260478,677047,10406,2069,0,1709509463
259182,678446,10337,2035,0,1712515571
258341,679494,10195,1970,0,1715525930
256853,680768,10263,2116,0,1718538911
255291,682409,10208,2092,0,1721544667
254171,683635,10250,1944,0,1724554301
252968,684876,10182,1974,0,1727578992
251734,686069,10185,2012,0,1730597769
250560,687305,10101,2034,0,1733614693
249236,688629,10072,2063,0,1736629237
248053,689784,10254,1909,0,1739632261
246686,691221,10204,1889,0,1742645707
245366,692676,10085,1873,0,1745643731
243956,694120,9996,1928,0,1748647325
242903,695331,9752,2014,0,1751652598
241860,696525,9658,1957,0,1754670252
240668,697746,9638,1948,0,1757672469
239051,699127,9810,2012,0,1760677350
238215,699809,10042,1934,0,1763674675
236746,701283,10024,1947,0,1766678425
235698,702375,9899,2028,0,1769692233
234743,703227,9926,2104,0,1772698847
233741,704391,9899,1969,0,1775705192
232821,705362,9802,2015,0,1778711178
231791,706286,9859,2064,0,1781720984
230424,707817,9731,2028,0,1784723774
229592,708497,9796,2115,0,1787726748
228554,709456,9885,2105,0,1790746195
227727,710472,9692,2109,0,1793752223
226348,711807,9755,2090,0,1796754996
225200,712949,9781,2070,0,1799756594
224148,714187,9633,2032,0,1802771070
223019,715282,9699,2000,0,1805789156
221756,716566,9651,2027,0,1808800260
220814,717742,9433,2011,0,1811811242
219644,719072,9259,2025,0,1814809765
218324,720456,9260,1960,0,1817823206
217099,721698,9199,2004,0,1820829144
216043,722874,9059,2024,0,1823831534
214904,723880,9163,2053,0,1826826681
213609,725266,9012,2113,0,1829836234
212606,726313,9108,1973,0,1832839906
211375,727499,9174,1952,0,1835851243
210260,728451,9277,2012,0,1838874724
209461,729471,9126,1942,0,1841888263
208191,730887,9027,1895,0,1844892669
207121,731787,9247,1845,0,1847891735
206124,732836,9121,1919,0,1850911985
204843,734132,9089,1936,0,1853920138
203892,735104,9044,1960,0,1856935106
202953,736009,8967,2071,0,1859934385
202038,737048,8881,2033,0,1862939632
200797,738460,8755,1988,0,1865946810
199411,739840,8730,2019,0,1868955771
198487,740651,8807,2055,0,1871966280
197350,741821,8969,1860,0,1874975618
195857,743232,8966,1945,0,1877986138
194745,744382,8953,1920,0,1880984606
193607,745530,8919,1944,0,1883996951
192742,746487,8846,1925,0,1887003565
191598,747728,8862,1812,0,1890016550
190445,748872,8825,1858,0,1893027081
189257,749824,9057,1862,0,1896033644
188414,750857,8979,1750,0,1899040967
187355,751978,8939,1728,0,1902052269
186258,752910,9001,1831,0,1905058910
185183,753871,9025,1921,0,1908077883
183962,755269,8894,1875,0,1911084529
183058,756189,8818,1935,0,1914100019
181891,757465,8682,1962,0,1917100771
180573,758750,8771,1906,0,1920123793
179569,759764,8738,1929,0,1923143151
178210,761216,8665,1909,0,1926138415
177397,762094,8567,1942,0,1929134877
176342,763238,8466,1954,0,1932140806
175672,763896,8537,1895,0,1935148915
175091,764374,8567,1968,0,1938147906
174152,765437,8399,2012,0,1941162224
173169,766252,8492,2087,0,1944165268
172212,767233,8492,2063,0,1947175587
171049,768555,8438,1958,0,1950193291
170136,769525,8329,2010,0,1953205186
169242,770479,8290,1989,0,1956213831
168328,771395,8245,2032,0,1959211225
167671,772187,8118,2024,0,1962215608
166978,772925,8040,2057,0,1965228935
165964,773714,8122,2200,0,1968232755
165091,774734,8062,2113,0,1971243753
164007,775748,8006,2239,0,1974262074
163079,776852,7964,2105,0,1977271721
161884,777870,8131,2115,0,1980287415
160839,778919,8082,2160,0,1983304862
159848,780024,7999,2129,0,1986320062
159036,780820,7953,2191,0,1989325572
157897,781763,7987,2353,0,1992325169
157263,782677,7851,2209,0,1995320391
156582,783422,7789,2207,0,1998325867
155773,784176,7812,2239,0,2001344247
154990,785126,7799,2085,0,2004356716
154062,786055,7840,2043,0,2007356697
152979,787241,7783,1997,0,2010367619
152186,788091,7783,1940,0,2013370681
151383,788929,7709,1979,0,2016372233
150448,789807,7774,1971,0,2019382086
149835,790645,7594,1926,0,2022376283
148836,791595,7619,1950,0,2025370269
147955,792401,7675,1969,0,2028381349
147167,793252,7525,2056,0,2031395173
146366,793875,7645,2114,0,2034397469
145461,794898,7504,2137,0,2037405531
144405,796002,7485,2108,0,2040404567
143702,796722,7326,2250,0,2043411009
142921,797479,7281,2319,0,2046423432
142131,798263,7255,2351,0,2049430871
141343,799286,7096,2275,0,2052437745
140663,799856,7212,2269,0,2055433207
139726,800796,7301,2177,0,2058446273
138978,801724,7219,2079,0,2061443071
137997,802728,7126,2149,0,2064448539
136957,803627,7313,2103,0,2067442319
136068,804708,7219,2005,0,2070447380
135245,805303,7332,2120,0,2073455577
134108,806374,7372,2146,0,2076469352
133408,807069,7320,2203,0,2079480995
132616,807846,7278,2260,0,2082490729
131551,808815,7434,2200,0,2085504138
130821,809705,7357,2117,0,2088515868
130009,810596,7281,2114,0,2091520149
129004,811521,7300,2175,0,2094529216
128363,812087,7271,2279,0,2097533730
127706,812952,7078,2264,0,2100534824
126936,813926,6947,2191,0,2103529380
126009,814901,6838,2252,0,2106521520
125257,815573,6914,2256,0,2109523827
124452,816435,6892,2221,0,2112520070
123811,816999,6950,2240,0,2115529193
123124,817684,6937,2255,0,2118525141
122442,818517,6741,2300,0,2121523277
121605,819485,6591,2319,0,2124517814
120725,820207,6745,2323,0,2127530735
120031,820900,6795,2274,0,2130529671
119444,821585,6682,2289,0,2133532630
118766,822328,6657,2249,0,2136539211
118073,823104,6532,2291,0,2139539018
117252,823828,6746,2174,0,2142556951
116628,824443,6799,2130,0,2145574532
115776,825332,6721,2171,0,2148594055
115202,825976,6728,2094,0,2151605602
114332,826875,6667,2126,0,2154615170
113777,827464,6531,2228,0,2157621242
113045,828126,6592,2237,0,2160627790
112417,828864,6484,2235,0,2163631149
111697,829508,6521,2274,0,2166635268
111274,829935,6498,2293,0,2169635514
110546,830745,6476,2233,0,2172631077
109796,831457,6465,2282,0,2175635970
109143,832147,6430,2280,0,2178655081
108444,832830,6383,2343,0,2181654495
107569,833670,6405,2356,0,2184644692
107155,834125,6401,2319,0,2187648008
106691,834719,6274,2316,0,2190637449
106072,835287,6336,2305,0,2193632760
105053,836320,6354,2273,0,2196643391
104383,837093,6270,2254,0,2199649957
103838,837675,6250,2237,0,2202643152
103095,838302,6329,2274,0,2205645853
102299,839169,6250,2282,0,2208651842
101545,839909,6306,2240,0,2211663336
100772,840597,6330,2301,0,2214657517
99919,841343,6409,2329,0,2217660340
99033,842266,6408,2293,0,2220673833
98138,843345,6284,2233,0,2223676638
97505,844059,6207,2229,0,2226686089
96675,844924,6274,2127,0,2229682750
96030,845570,6167,2233,0,2232689632
95223,846550,6094,2133,0,2235693849
94916,846871,6014,2199,0,2238685645
94265,847606,5899,2230,0,2241674870
93514,848407,5893,2186,0,2244687879
92934,849192,5707,2167,0,2247684964
92187,849879,5744,2190,0,2250695914
91538,850603,5708,2151,0,2253695813
90863,851254,5781,2102,0,2256695937
90186,851922,5748,2144,0,2259686220
89561,852616,5623,2200,0,2262683717
88873,853348,5547,2232,0,2265683024
88353,853769,5559,2319,0,2268676571
87496,854656,5597,2251,0,2271667159
87094,855176,5481,2249,0,2274662939
86486,855672,5554,2288,0,2277662105
85609,856313,5539,2539,0,2280661318
85039,856836,5604,2521,0,2283671518
84341,857637,5477,2545,0,2286676516
84030,858243,5371,2356,0,2289667749
83226,859061,5445,2268,0,2292678393
82737,859442,5398,2423,0,2295672968
82054,860171,5479,2296,0,2298673692
81417,861009,5356,2218,0,2301677309
80922,861471,5419,2188,0,2304677756
80359,862352,5157,2132,0,2307690748
79848,863020,5052,2080,0,2310682239
79154,863691,5066,2089,0,2313685788
78574,864369,4984,2073,0,2316694198
77957,864841,5048,2154,0,2319699837
77567,865418,4880,2135,0,2322702945
77079,865704,5020,2197,0,2325700119
76610,866280,5051,2059,0,2328701425
76084,866958,4899,2059,0,2331685564
75813,867188,4837,2162,0,2334682823
75345,867749,4786,2120,0,2337687067
74449,868593,4884,2074,0,2340684873
73918,869296,4802,1984,0,2343688901
73334,869722,4817,2127,0,2346698917
72940,870185,4740,2135,0,2349700234
72523,870688,4623,2166,0,2352685973
71766,871431,4686,2117,0,2355685117
71446,871749,4657,2148,0,2358683382
71035,872129,4649,2187,0,2361686728
70568,872553,4728,2151,0,2364692814
70049,873101,4695,2155,0,2367692631
69722,873386,4573,2319,0,2370695037
69369,873768,4626,2237,0,2373689416
69057,874240,4485,2218,0,2376701516
68656,874739,4397,2208,0,2379695993
67905,875291,4609,2195,0,2382687561
67269,875897,4696,2138,0,2385701535
66950,876261,4600,2189,0,2388711092
66572,876772,4480,2176,0,2391713237
66048,877158,4523,2271,0,2394707240
65686,877496,4496,2322,0,2397704030
65112,878056,4495,2337,0,2400698400
64709,878520,4482,2289,0,2403705356
64478,878674,4356,2492,0,2406709702
64140,879078,4367,2415,0,2409715754
63655,879483,4498,2364,0,2412713390
63105,880112,4462,2321,0,2415712038
62695,880571,4450,2284,0,2418716411
62240,881254,4240,2266,0,2421712556
61971,881664,4173,2192,0,2424714594
61527,881991,4273,2209,0,2427723300
61176,882277,4223,2324,0,2430718783
60824,882736,4107,2333,0,2433707822
60264,883159,4167,2410,0,2436703514
59980,883511,4147,2362,0,2439701741
59494,883990,4222,2294,0,2442701355
58947,884637,4145,2271,0,2445706508
58558,885175,4084,2183,0,2448712553
58253,885640,4012,2095,0,2451713977
58015,885896,3954,2135,0,2454712581
57695,886234,3869,2202,0,2457727451
57272,886668,3912,2148,0,2460717004
57145,886898,3708,2249,0,2463720718
56875,887093,3763,2269,0,2466709841
56459,887589,3695,2257,0,2469708551
56143,887819,3743,2295,0,2472705060
55771,888354,3658,2217,0,2475713930
55436,888727,3636,2201,0,2478717619
54987,889201,3573,2239,0,2481715684
54376,889810,3553,2261,0,2484728814
53969,890041,3752,2238,0,2487725465
53495,890459,3861,2185,0,2490723201
53044,890867,3864,2225,0,2493724986
52749,891206,3887,2158,0,2496722380
52509,891458,3831,2202,0,2499725750
52210,891913,3691,2186,0,2502725375
51798,892259,3732,2211,0,2505725196
51187,892753,3830,2230,0,2508727383
50674,893387,3857,2082,0,2511734443
50420,893715,3810,2055,0,2514730094
49961,894154,3812,2073,0,2517724834
49577,894542,3815,2066,0,2520734314
49165,894946,3767,2122,0,2523734478
48929,895273,3704,2094,0,2526732789
48508,895717,3668,2107,0,2529726830
48009,896130,3684,2177,0,2532722095
47679,896524,3668,2129,0,2535711327
47408,896884,3541,2167,0,2538726086
47157,897046,3574,2223,0,2541722014
46800,897497,3470,2233,0,2544715349
46345,897943,3437,2275,0,2547713677
45828,898444,3436,2292,0,2550706157
45525,898913,3319,2243,0,2553707870
45075,899439,3341,2145,0,2556712995
44669,899924,3268,2139,0,2559703671
44450,900090,3277,2183,0,2562698149
44135,900308,3323,2234,0,2565696926
43589,900924,3373,2114,0,2568686054
43564,900911,3421,2104,0,2571697292
43337,901250,3352,2061,0,2574693345
42962,901669,3246,2123,0,2577699336
42686,901807,3251,2256,0,2580704079
42279,902222,3330,2169,0,2583714005
42161,902494,3189,2156,0,2586707603
41767,902924,3155,2154,0,2589699809
41430,903236,3252,2082,0,2592697164
41108,903502,3276,2114,0,2595695960
40792,903859,3230,2119,0,2598692645
40588,904166,3137,2109,0,2601696793
40356,904354,3105,2185,0,2604702321
40002,904698,3072,2228,0,2607706575
39820,904817,3052,2311,0,2610712942
39373,905244,3099,2284,0,2613705782
39296,905355,3008,2341,0,2616697308
39010,905798,2897,2295,0,2619669726
38805,905925,2851,2419,0,2622668415
38477,906109,2834,2580,0,2625666083
38240,906268,2842,2650,0,2628677005
37891,906687,2902,2520,0,2631667005
37645,906864,2967,2524,0,2634669131
37351,907352,2873,2424,0,2637669239
37049,907644,2916,2391,0,2640664307
36753,908041,2884,2322,0,2643658590
36513,908406,2719,2362,0,2646665636
36285,908519,2790,2406,0,2649657054
36011,908902,2851,2236,0,2652652947
35618,909218,2938,2226,0,2655625724
35376,909629,2861,2134,0,2658624222
35161,909837,2875,2127,0,2661618382
34911,910146,2917,2026,0,2664610383
34634,910326,2918,2122,0,2667606199
34416,910605,2851,2128,0,2670601772
34010,910824,2893,2273,0,2673595920
33804,911056,2919,2221,0,2676603826
33382,911478,2923,2217,0,2679599550
33195,911686,2923,2196,0,2682598846
32888,911914,2957,2241,0,2685597851
32587,912296,2887,2230,0,2688597946
32445,912447,2887,2221,0,2691600290
32156,912866,2785,2193,0,2694599383
31928,913014,2862,2196,0,2697597800
31789,913217,2784,2210,0,2700599929
31440,913571,2788,2201,0,2703590870
31204,913930,2782,2084,0,2706580031
31015,914206,2695,2084,0,2709571593
30677,914333,2826,2164,0,2712565760
30604,914374,2826,2196,0,2715566143
30335,914498,2957,2210,0,2718549040
30015,914906,2852,2227,0,2721546501
29801,915190,2841,2168,0,2724547468
29498,915433,2779,2290,0,2727553436
29245,915771,2710,2274,0,2730547404
28850,916057,2769,2324,0,2733554841
28742,916210,2756,2292,0,2736551134
28521,916637,2673,2169,0,2739547805
28301,916860,2722,2117,0,2742548059
28007,917238,2665,2090,0,2745534213
27850,917508,2568,2074,0,2748534487
27778,917465,2561,2196,0,2751533966
27494,917582,2576,2348,0,2754552666
27255,917862,2565,2318,0,2757550767
26899,918092,2613,2396,0,2760536575
26675,918238,2679,2408,0,2763538086
26511,918398,2648,2443,0,2766540268
26232,918791,2524,2453,0,2769537535
25970,918983,2537,2510,0,2772519440
25857,919277,2446,2420,0,2775514377
25653,919542,2432,2373,0,2778507058
25488,919745,2354,2413,0,2781500088
25295,919952,2372,2381,0,2784497127
25119,920276,2336,2269,0,2787495706
24978,920355,2330,2337,0,2790488113
24843,920461,2278,2418,0,2793481676
24677,920587,2266,2470,0,2796482450
24541,920744,2311,2404,0,2799472034
24244,921102,2309,2345,0,2802467381
24074,921376,2269,2281,0,2805458644
23874,921613,2242,2271,0,2808447988
23804,921904,2123,2169,0,2811447646
23534,922082,2115,2269,0,2814441030
23426,922191,2047,2336,0,2817426334
23277,922305,2090,2328,0,2820430930
23093,922312,2073,2522,0,2823430552
22875,922488,2110,2527,0,2826439048
22748,922618,2208,2426,0,2829421003
22642,922721,2231,2406,0,2832408821
22379,923068,2242,2311,0,2835405894
22371,923114,2237,2278,0,2838394768
22100,923343,2237,2320,0,2841396673
21929,923574,2119,2378,0,2844403540
21830,923764,2098,2308,0,2847400233
21695,923914,2088,2303,0,2850393476
21624,924000,2065,2311,0,2853393168
21515,924160,2037,2288,0,2856394687
21476,924342,2071,2111,0,2859386288
21305,924469,2113,2113,0,2862370110
21114,924521,2019,2346,0,2865371674
21030,924640,1978,2352,0,2868359725
20949,924703,2000,2348,0,2871358565
20729,924945,1991,2335,0,2874354251
20549,925111,2039,2301,0,2877347709
20404,925283,2015,2298,0,2880344081
20139,925548,2068,2245,0,2883342458
19987,925733,2092,2188,0,2886344721
19929,925965,1967,2139,0,2889348859
19753,926139,1938,2170,0,2892337074
19607,926355,1905,2133,0,2895327801
19292,926526,1928,2254,0,2898322917
19207,926713,1955,2125,0,2901320889
19121,926785,1975,2119,0,2904320296
18904,927038,1973,2085,0,2907318739
18907,927014,1944,2135,0,2910312382
18837,927117,1937,2109,0,2913307458
18785,927276,1901,2038,0,2916301926
18709,927253,1967,2071,0,2919301878
18518,927485,1910,2087,0,2922302880
18396,927594,1857,2153,0,2925301732
18198,927692,1918,2192,0,2928302202
18130,927629,1997,2244,0,2931300041
18016,927810,2011,2163,0,2934288845
17902,927956,1995,2147,0,2937289700
17778,928048,1990,2184,0,2940283404
17541,928160,1975,2324,0,2943275330
17298,928468,1971,2263,0,2946273635
17077,928662,1957,2304,0,2949267522
16967,928792,2011,2230,0,2952271352
16849,928876,1922,2353,0,2955264943
16654,928987,1930,2429,0,2958258895
16443,929339,1949,2269,0,2961252388
16375,929599,1888,2138,0,2964246797
16152,929715,1943,2190,0,2967244506
16078,929909,1834,2179,0,2970254935
15996,929844,1901,2259,0,2973246732
15779,930113,1940,2168,0,2976235964
15546,930340,1944,2170,0,2979231614
15432,930614,1927,2027,0,2982235482
15222,930734,1936,2108,0,2985241644
15065,930927,1919,2089,0,2988241799
14813,931174,1942,2071,0,2991218621
14611,931356,1892,2141,0,2994215018
14446,931528,1886,2140,0,2997216813
14240,931743,1912,2105,0,3000209196
14230,931816,1870,2084,0,3003208590
14111,931859,1847,2183,0,3006207682
14035,931930,1847,2188,0,3009205394
13935,932047,1848,2170,0,3012187776
13753,932133,1856,2258,0,3015178604
13531,932247,1916,2306,0,3018178248
13381,932352,1943,2324,0,3021177032
13149,932841,1897,2113,0,3024178073
12984,933092,1845,2079,0,3027162652
12939,933282,1758,2021,0,3030157570
12881,933363,1745,2011,0,3033152421
12771,933392,1736,2101,0,3036142329
12566,933642,1743,2049,0,3039131401
12462,933776,1736,2026,0,3042136763
12314,934031,1730,1925,0,3045127988
12239,934094,1701,1966,0,3048121693
12188,934094,1677,2041,0,3051125020
12180,934041,1729,2050,0,3054128560
12070,934161,1659,2110,0,3057136206
12000,934237,1731,2032,0,3060135312
11925,934327,1682,2066,0,3063139399
11817,934409,1705,2069,0,3066135140
11694,934530,1699,2077,0,3069147463
11724,934497,1702,2077,0,3072141348
11597,934750,1668,1985,0,3075140699
11431,934818,1738,2013,0,3078133729
11329,934916,1701,2054,0,3081134408
11231,934985,1633,2151,0,3084138381
11134,935136,1583,2147,0,3087133249
11071,935165,1570,2194,0,3090122738
10932,935236,1649,2183,0,3093125971
10845,935372,1566,2217,0,3096123820
10676,935536,1557,2231,0,3099130332
10576,935567,1557,2300,0,3102136120
10563,935727,1510,2200,0,3105124461
10391,935747,1563,2299,0,3108121726
10226,935843,1581,2350,0,3111130185
10227,935874,1594,2305,0,3114113167
10068,936034,1600,2298,0,3117105684
9951,936013,1644,2392,0,3120093096
9882,936134,1671,2313,0,3123100892
9829,936218,1659,2294,0,3126098083
9708,936313,1657,2322,0,3129088758
9643,936429,1656,2272,0,3132088609
9648,936525,1559,2268,0,3135073321
9638,936628,1457,2277,0,3138072017
9531,936735,1474,2260,0,3141070164
9411,936920,1557,2112,0,3144062774
9260,937027,1589,2124,0,3147069637
9115,937102,1656,2127,0,3150067128
9153,936924,1667,2256,0,3153068873
9106,937027,1615,2252,0,3156073844
9004,937211,1590,2195,0,3159072226
8997,937251,1583,2169,0,3162064387
8860,937253,1588,2299,0,3165051216
8711,937484,1538,2267,0,3168046689
8579,937734,1466,2221,0,3171053668
8528,937763,1465,2244,0,3174055560
8387,937821,1480,2312,0,3177051704
8242,937953,1542,2263,0,3180051490
8184,938125,1466,2225,0,3183046704
8068,938247,1457,2228,0,3186039174
7999,938429,1457,2115,0,3189036134
7883,938520,1499,2098,0,3192024914
7753,938640,1499,2108,0,3195020887
7590,938813,1562,2035,0,3198015076
7521,938668,1615,2196,0,3201001461
7450,938842,1591,2117,0,3204009149
7352,938845,1576,2227,0,3207007186
7306,938955,1536,2203,0,3210013834
7182,939061,1510,2247,0,3213013041
7046,939259,1437,2258,0,3216004642
6955,939415,1454,2176,0,3218997644
6944,939391,1475,2190,0,3221981723
6850,939570,1436,2144,0,3224980531
6760,939568,1453,2219,0,3227977213
6721,939658,1407,2214,0,3230976776
