recipients,donors,transconjugants,segregadas,adaptations_number,cycle
8682,935366,47,5905,0,6430808
8744,934554,86,6616,0,9538394
8681,934180,90,7049,0,12535588
8760,933585,119,7536,0,15533259
8802,933050,168,7980,0,18537229
8799,932571,216,8414,0,21523392
8679,932054,256,9011,0,24529550
8625,931552,291,9532,0,27520711
8506,931341,338,9815,0,30521643
8514,931120,365,10001,0,33514899
8551,930746,385,10318,0,36501193
8589,930371,400,10640,0,39488309
8582,929954,407,11057,0,42475146
8467,929707,404,11422,0,45475786
8521,929308,428,11743,0,48466166
8529,929167,421,11883,0,51473154
8610,928851,389,12150,0,54465228
8531,928556,446,12467,0,57469125
8276,928328,419,12977,0,60469273
8331,928028,412,13229,0,63463120
8384,927455,416,13745,0,66450449
8323,927101,424,14152,0,69446847
8282,926633,440,14645,0,72449980
8262,926411,429,14898,0,75450679
8289,926041,415,15255,0,78431153
8261,925711,438,15590,0,81412419
8211,925541,471,15777,0,84413428
8290,925160,490,16060,0,87415482
8261,924911,559,16269,0,90403016
8047,924616,586,16751,0,93389283
8007,924246,621,17126,0,96384100
7891,924231,639,17239,0,99374365
7839,923825,663,17673,0,102364959
7809,923586,689,17916,0,105354804
7952,923009,696,18343,0,108351188
7871,922608,715,18806,0,111355045
7913,922353,763,18971,0,114361996
7902,922048,762,19288,0,117359671
7848,921929,744,19479,0,120353369
7649,921801,722,19828,0,123350553
7540,921667,761,20032,0,126342833
7464,921234,733,20569,0,129323451
7379,921185,724,20712,0,132309176
7314,921267,686,20733,0,135310058
7181,921068,718,21033,0,138305247
7099,921009,758,21134,0,141305197
7202,920709,739,21350,0,144292314
7190,920492,737,21581,0,147293723
7217,920334,758,21691,0,150288154
7085,920263,742,21910,0,153280596
6895,920120,743,22242,0,156269156
6848,919698,751,22703,0,159270209
6816,919333,748,23103,0,162260719
6753,919088,705,23454,0,165249853
6581,919449,736,23234,0,168240037
6518,919442,701,23339,0,171233895
6509,919090,707,23694,0,174229642
6424,918806,732,24038,0,177225045
6374,918482,706,24438,0,180221053
6230,918401,703,24666,0,183204213
6119,918056,760,25065,0,186194074
6000,918134,758,25108,0,189184557
6037,917713,742,25508,0,192185007
5962,917664,714,25660,0,195183760
5899,917611,682,25808,0,198169266
5859,917313,692,26136,0,201162537
5776,916964,773,26487,0,204159041
5700,916827,791,26682,0,207159494
5636,916700,749,26915,0,210162607
5554,916465,731,27250,0,213153283
5356,916395,717,27532,0,216152944
5414,916321,710,27555,0,219145752
5302,916231,702,27765,0,222139063
5364,915755,689,28192,0,225143073
5311,915913,669,28107,0,228149275
5246,915777,694,28283,0,231148680
5160,915613,706,28521,0,234139652
5187,915436,688,28689,0,237125240
5157,915018,671,29154,0,240129167
5115,914923,655,29307,0,243125200
5139,915021,644,29196,0,246123798
5081,914956,603,29360,0,249105040
5047,915213,609,29131,0,252099710
5110,914855,636,29399,0,255105942
4935,914863,623,29579,0,258097246
4853,914981,621,29545,0,261093198
4953,915019,649,29379,0,264097396
4758,915055,670,29517,0,267094246
4698,915392,620,29290,0,270084696
4569,915400,612,29419,0,273084406
4481,915345,643,29531,0,276080376
4478,915005,667,29850,0,279077525
4530,914726,694,30050,0,282072344
4537,914648,686,30129,0,285074267
4525,914166,636,30673,0,288064032
4591,913786,648,30975,0,291065225
4526,913115,629,31730,0,294054641
4361,913290,617,31732,0,297043519
4294,913588,592,31526,0,300030140
4333,913418,569,31680,0,303018910
4355,912998,620,32027,0,306020057
4346,912431,580,32643,0,309020551
4309,912606,520,32565,0,312000862
4286,912443,514,32757,0,314994819
4188,912529,480,32803,0,317997716
4135,912549,525,32791,0,320990921
4222,912160,551,33067,0,323983149
4199,911959,555,33287,0,326977719
4172,912096,569,33163,0,329963516
4179,912178,554,33089,0,332956568
4258,912169,495,33078,0,335961197
4309,911961,505,33225,0,338958566
4272,911835,476,33417,0,341945406
4198,911787,463,33552,0,344930280
4182,911445,440,33933,0,347916805
4145,911494,436,33925,0,350910511
4030,911862,444,33664,0,353906524
4052,911447,429,34072,0,356913006
3902,911458,416,34224,0,359908139
3893,911386,395,34326,0,362892299
3806,911110,434,34650,0,365882589
3793,911157,426,34624,0,368869223
3725,911144,421,34710,0,371859607
3829,911206,490,34475,0,374839947
3726,911317,509,34448,0,377843073
3777,911172,486,34565,0,380838943
3799,911062,422,34717,0,383839944
3778,911065,440,34717,0,386821450
3724,910808,465,35003,0,389815897
3699,910496,457,35348,0,392814394
3556,910844,450,35150,0,395806824
3486,910927,460,35127,0,398800501
3440,911343,475,34742,0,401782849
3423,911387,444,34746,0,404779667
3399,911593,455,34553,0,407774754
3444,911517,455,34584,0,410773072
3316,911566,458,34660,0,413768088
3282,911348,432,34938,0,416763234
3126,911366,423,35085,0,419760243
3073,911852,423,34652,0,422753847
3020,911826,422,34732,0,425758703
3025,911742,426,34807,0,428763518
3064,911677,400,34859,0,431751760
3170,911466,393,34971,0,434746028
3143,911390,395,35072,0,437736500
3026,911404,384,35186,0,440727424
2954,911528,419,35099,0,443719822
2915,911639,414,35032,0,446717908
2995,911143,447,35415,0,449707529
2951,911242,472,35335,0,452708166
2983,911034,499,35484,0,455687271
2901,911108,503,35488,0,458681211
2870,911320,473,35337,0,461676524
2976,911400,465,35159,0,464667396
2931,910980,512,35577,0,467659785
2895,910696,467,35942,0,470658447
2870,910407,462,36261,0,473650335
2845,910512,454,36189,0,476646142
2791,910506,454,36249,0,479637859
2747,910446,418,36389,0,482628477
2777,910210,402,36611,0,485614870
2802,910483,419,36296,0,488613843
2825,910536,431,36208,0,491607768
2755,910410,431,36404,0,494593985
2794,909868,434,36904,0,497579675
2723,909973,435,36869,0,500567578
2693,909914,422,36971,0,503556124
2678,909614,391,37317,0,506551064
2667,909716,379,37238,0,509536943
2702,909474,350,37474,0,512525589
2654,909254,352,37740,0,515524428
2648,909619,357,37376,0,518516640
2596,909420,366,37618,0,521518056
2598,909209,391,37802,0,524511550
2542,909339,408,37711,0,527499338
2565,909519,382,37534,0,530498233
2508,909509,383,37600,0,533495395
2494,909473,406,37627,0,536477617
2427,909355,399,37819,0,539478339
2399,909482,414,37705,0,542469479
2385,909433,397,37785,0,545446614
2413,908996,393,38198,0,548451238
2416,908931,402,38251,0,551444649
2423,909030,416,38131,0,554430128
2468,909083,394,38055,0,557409202
2499,909147,368,37986,0,560407307
2527,909061,369,38043,0,563411036
2521,909467,391,37621,0,566395403
2527,909615,422,37436,0,569384438
2475,909441,439,37645,0,572382975
2464,909580,482,37474,0,575381699
2531,909255,432,37782,0,578380517
2500,909297,412,37791,0,581380017
2369,909435,443,37753,0,584377442
2356,909791,425,37428,0,587375847
2304,909952,404,37340,0,590361818
2214,910356,408,37022,0,593352744
2254,910143,369,37234,0,596343357
2238,910141,362,37259,0,599326466
2227,910333,369,37071,0,602336044
2166,910278,346,37210,0,605340871
2135,910318,333,37214,0,608333275
2134,910307,345,37214,0,611321946
2137,910407,381,37075,0,614320689
2103,910593,403,36901,0,617310195
2041,910701,411,36847,0,620298167
2075,910697,353,36875,0,623299687
2090,910900,315,36695,0,626303327
2140,910852,335,36673,0,629300930
2108,910915,339,36638,0,632293772
2073,911004,324,36599,0,635292931
2076,910964,327,36633,0,638274062
2074,910766,299,36861,0,641277692
2146,910418,315,37121,0,644270847
2179,910424,314,37083,0,647267171
2142,910310,267,37281,0,650256910
2159,910018,300,37523,0,653241241
2210,909830,306,37654,0,656234337
2263,909937,301,37499,0,659236615
2240,910135,285,37340,0,662236567
2270,910125,272,37333,0,665238125
2302,910347,291,37060,0,668224629
2330,910263,313,37094,0,671210104
2179,910087,332,37402,0,674219483
2120,909553,346,37981,0,677210448
2041,909723,360,37876,0,680203380
2022,909811,361,37806,0,683207315
2032,909844,358,37766,0,686197193
1992,910017,345,37646,0,689194263
2004,909995,347,37654,0,692187965
2021,910209,354,37416,0,695191181
1989,910076,372,37563,0,698182151
1963,910268,359,37410,0,701176590
1926,910130,366,37578,0,704177901
1888,910337,363,37412,0,707168480
1903,910258,356,37483,0,710166051
1926,909882,319,37873,0,713162402
1909,909858,333,37900,0,716148228
1851,909654,369,38126,0,719133409
1881,909477,360,38282,0,722127723
1920,909575,362,38143,0,725107000
1943,909780,321,37956,0,728105052
1867,910244,318,37571,0,731104122
1793,910356,339,37512,0,734092118
1765,910470,341,37424,0,737074181
1741,910569,332,37358,0,740069423
1818,909937,336,37909,0,743065982
1800,910058,328,37814,0,746053672
1826,910307,301,37566,0,749046885
1805,909888,313,37994,0,752044342
1882,909612,308,38198,0,755035655
1893,909689,315,38103,0,758027194
1900,909893,327,37880,0,761023441
1893,909705,293,38109,0,764023832
1857,909218,289,38636,0,767012721
1879,909325,301,38495,0,769992423
1892,909486,263,38359,0,772992539
1774,909301,301,38624,0,775990011
1734,909225,297,38744,0,778970815
1734,909086,292,38888,0,781965327
1812,909040,275,38873,0,784957108
1806,909198,254,38742,0,787942086
1744,908808,265,39183,0,790938393
1757,908374,302,39567,0,793933701
1746,908673,310,39271,0,796927140
1692,908851,308,39149,0,799894900
1670,908819,322,39189,0,802894358
1624,908519,297,39560,0,805888279
1623,908681,316,39380,0,808894331
1507,908614,316,39563,0,811889701
1486,908164,334,40016,0,814875647
1481,908124,300,40095,0,817874117
1439,907994,284,40283,0,820866805
1392,908229,307,40072,0,823863590
1405,907964,329,40302,0,826864443
1441,907542,292,40725,0,829851856
1517,907427,257,40799,0,832836396
1477,907200,267,41056,0,835830263
1400,907229,276,41095,0,838838797
1357,906978,293,41372,0,841822826
1370,906943,279,41408,0,844814556
1305,907010,287,41398,0,847810595
1288,907058,264,41390,0,850815127
1303,907021,232,41444,0,853808783
1285,907073,227,41415,0,856816238
1300,907017,221,41462,0,859812526
1249,907041,238,41472,0,862804364
1212,906768,236,41784,0,865789508
1223,906530,268,41979,0,868784178
1220,906554,242,41984,0,871791002
1219,906632,241,41908,0,874778705
1180,906683,267,41870,0,877778042
1184,906570,284,41962,0,880778171
1135,906854,289,41722,0,883777568
1163,906719,304,41814,0,886761573
1179,906904,303,41614,0,889764477
1158,906642,327,41873,0,892767467
1153,906684,290,41873,0,895765369
1083,906161,318,42438,0,898775810
1073,905933,315,42679,0,901786524
1117,905966,323,42594,0,904785329
1151,905938,349,42562,0,907777234
1153,905840,331,42676,0,910767825
1106,905776,357,42761,0,913768059
1098,905709,354,42839,0,916763469
1115,905527,374,42984,0,919766349
1153,905818,379,42650,0,922762130
1103,905665,369,42863,0,925759597
1093,905958,347,42602,0,928744968
1113,906048,312,42527,0,931746355
1102,905902,312,42684,0,934733278
1048,905816,302,42834,0,937731831
1039,905851,285,42825,0,940729190
1021,905848,282,42849,0,943725740
998,905865,300,42837,0,946710527
1010,905966,334,42690,0,949707050
1005,906032,296,42667,0,952699358
998,905977,318,42707,0,955694801
1001,906045,335,42619,0,958693306
959,906106,329,42606,0,961686854
904,905957,329,42810,0,964671139
890,906057,327,42726,0,967658226
956,906212,293,42539,0,970656421
948,906264,312,42476,0,973641619
970,906492,333,42205,0,976643381
1022,906537,315,42126,0,979641454
1032,906415,314,42239,0,982647213
1026,906072,310,42592,0,985636992
1024,905836,266,42874,0,988627996
998,905891,206,42905,0,991623517
954,905512,204,43330,0,994628889
960,905528,228,43284,0,997630770
908,905409,232,43451,0,1000619335
939,905064,227,43770,0,1003619661
951,905251,215,43583,0,1006615342
937,905346,229,43488,0,1009620515
932,905554,238,43276,0,1012618998
910,906213,253,42624,0,1015615630
888,906113,261,42738,0,1018610682
904,906202,255,42639,0,1021610761
916,906057,234,42793,0,1024605555
922,906156,229,42693,0,1027607436
890,906064,208,42838,0,1030608025
845,906117,215,42823,0,1033591674
825,906131,238,42806,0,1036586251
852,906442,230,42476,0,1039578295
874,906534,211,42381,0,1042557213
875,906274,226,42625,0,1045548289
916,906457,201,42426,0,1048543579
939,906267,187,42607,0,1051540786
916,906231,196,42657,0,1054532787
901,906160,184,42755,0,1057531060
914,906104,194,42788,0,1060521303
897,906224,197,42682,0,1063508193
915,906384,195,42506,0,1066508499
923,906574,211,42292,0,1069503678
925,906615,188,42272,0,1072502217
960,906641,183,42216,0,1075499712
938,906856,185,42021,0,1078487126
911,907029,177,41883,0,1081478839
944,907223,217,41616,0,1084486337
950,907494,185,41371,0,1087487869
912,907378,180,41530,0,1090476079
910,907440,194,41456,0,1093467753
943,907173,221,41663,0,1096474184
907,907275,261,41557,0,1099464755
863,907582,241,41314,0,1102455916
886,907319,229,41566,0,1105458760
916,906983,244,41857,0,1108442931
921,907443,239,41397,0,1111444631
903,907675,218,41204,0,1114440877
882,907760,222,41136,0,1117439535
910,907553,256,41281,0,1120440627
874,907562,261,41303,0,1123438217
863,907976,233,40928,0,1126425655
879,907854,270,40997,0,1129434926
860,907954,262,40924,0,1132424108
813,907625,285,41277,0,1135422540
786,907685,257,41272,0,1138413625
793,907837,241,41129,0,1141400936
819,907824,258,41099,0,1144402759
847,907567,261,41325,0,1147409655
865,907766,252,41117,0,1150415594
835,907822,248,41095,0,1153414622
807,907899,267,41027,0,1156403369
810,908172,237,40781,0,1159408991
823,907845,267,41065,0,1162395215
780,907718,261,41241,0,1165400558
760,908035,250,40955,0,1168390368
731,908416,249,40604,0,1171396494
729,908727,277,40267,0,1174393859
764,908912,270,40054,0,1177388570
752,908886,286,40076,0,1180377109
786,908687,313,40214,0,1183366481
796,908831,284,40089,0,1186368767
814,908672,277,40237,0,1189367740
802,908586,307,40305,0,1192374552
802,908590,278,40330,0,1195376448
809,908683,296,40212,0,1198363056
783,908659,277,40281,0,1201359759
776,908899,343,39982,0,1204350828
818,908895,335,39952,0,1207354874
820,909400,302,39478,0,1210348630
749,909509,301,39441,0,1213327020
762,909824,279,39135,0,1216322161
742,909588,266,39404,0,1219317176
798,909637,266,39299,0,1222301115
740,910047,323,38890,0,1225288372
732,910015,288,38965,0,1228286974
724,909845,271,39160,0,1231277353
766,909586,227,39421,0,1234271089
783,909819,207,39191,0,1237250656
730,909523,193,39554,0,1240243617
709,909715,207,39369,0,1243228249
701,909562,221,39516,0,1246218390
656,909190,228,39926,0,1249217923
736,909447,199,39618,0,1252188384
697,909729,217,39357,0,1255180589
699,909645,219,39437,0,1258180895
695,909349,234,39722,0,1261158317
636,909328,236,39800,0,1264159845
669,909576,222,39533,0,1267150329
691,909343,243,39723,0,1270145063
724,909449,251,39576,0,1273139758
732,909383,255,39630,0,1276128198
720,909568,263,39449,0,1279130970
738,909254,238,39770,0,1282123456
733,909454,233,39580,0,1285130867
757,909279,209,39755,0,1288124329
718,909379,208,39695,0,1291125782
751,909204,192,39853,0,1294121027
756,909110,182,39952,0,1297120884
751,909015,189,40045,0,1300106091
742,908947,206,40105,0,1303097410
721,908890,208,40181,0,1306095221
758,908955,193,40094,0,1309083325
718,908854,216,40212,0,1312077638
722,908491,209,40578,0,1315065820
711,908300,198,40791,0,1318075099
699,908304,180,40817,0,1321063152
716,907971,187,41126,0,1324053060
736,908130,170,40964,0,1327041200
759,907913,186,41142,0,1330028779
741,908302,186,40771,0,1333026396
760,908080,185,40975,0,1336021787
769,907795,204,41232,0,1339004202
732,907181,209,41878,0,1341992454
754,906977,213,42056,0,1344980507
766,907208,234,41792,0,1347970119
775,907119,232,41874,0,1350965675
806,907104,224,41866,0,1353967157
805,906973,224,41998,0,1356947509
801,906936,226,42037,0,1359937301
762,906571,228,42439,0,1362925728
717,906237,212,42834,0,1365908790
697,906405,198,42700,0,1368909331
649,906204,206,42941,0,1371899088
688,906202,204,42906,0,1374890858
674,905977,217,43132,0,1377882093
698,905673,247,43382,0,1380878369
682,905525,266,43527,0,1383878996
675,905728,244,43353,0,1386870384
659,905971,264,43106,0,1389873674
631,905605,262,43502,0,1392863830
642,905458,257,43643,0,1395853948
651,905616,246,43487,0,1398848910
635,905595,232,43538,0,1401836807
641,905644,225,43490,0,1404834847
625,905716,262,43397,0,1407844909
609,905948,280,43163,0,1410838972
582,905854,278,43286,0,1413836660
586,905578,266,43570,0,1416826329
587,905608,293,43512,0,1419817763
577,905266,285,43872,0,1422806741
618,905188,278,43916,0,1425812993
587,905383,251,43779,0,1428801042
613,905338,260,43789,0,1431795213
644,904923,250,44183,0,1434784200
672,904823,228,44277,0,1437768449
678,904612,229,44481,0,1440775440
661,904294,220,44825,0,1443772436
656,904343,220,44781,0,1446772927
682,904448,227,44643,0,1449771861
682,904538,210,44570,0,1452759136
692,904373,211,44724,0,1455759224
668,904213,232,44887,0,1458752551
677,904009,235,45079,0,1461745782
674,903665,235,45426,0,1464734634
719,903434,272,45575,0,1467726066
738,903422,269,45571,0,1470711863
753,903186,293,45768,0,1473700070
766,903576,267,45391,0,1476683553
712,903506,287,45495,0,1479691369
689,903591,284,45436,0,1482683843
734,903284,250,45732,0,1485679563
723,903273,222,45782,0,1488676840
715,903060,194,46031,0,1491659440
757,903026,172,46045,0,1494637458
770,903064,184,45982,0,1497636969
816,902897,204,46083,0,1500628076
816,902860,203,46121,0,1503618459
796,902854,213,46137,0,1506619857
818,903048,206,45928,0,1509603691
779,903087,206,45928,0,1512596058
766,902953,228,46053,0,1515591850
732,902800,240,46228,0,1518591795
758,902780,227,46235,0,1521591374
776,902890,211,46123,0,1524591719
786,902955,206,46053,0,1527586119
788,902609,204,46399,0,1530575085
792,902214,196,46798,0,1533565102
804,902263,194,46739,0,1536566370
768,902410,180,46642,0,1539568095
751,902179,180,46890,0,1542565950
779,902665,199,46357,0,1545556725
770,902679,181,46370,0,1548542475
772,902930,181,46117,0,1551533986
757,903193,173,45877,0,1554532017
760,903350,173,45717,0,1557529349
753,903311,168,45768,0,1560521419
798,903141,155,45906,0,1563512155
806,903068,184,45942,0,1566515153
761,903298,209,45732,0,1569502836
787,903778,231,45204,0,1572491946
764,904051,230,44955,0,1575495859
732,903556,227,45485,0,1578492719
723,903816,226,45235,0,1581501571
724,903796,217,45263,0,1584506422
700,903905,235,45160,0,1587509888
699,904320,222,44759,0,1590513325
668,904372,226,44734,0,1593504243
667,904373,265,44695,0,1596495655
672,904015,279,45034,0,1599486714
676,904054,271,44999,0,1602474824
659,903986,294,45061,0,1605471314
656,904202,298,44844,0,1608471324
646,904286,294,44774,0,1611465817
641,904183,281,44895,0,1614454770
609,904230,287,44874,0,1617454332
594,904390,280,44736,0,1620439649
631,904345,267,44757,0,1623431535
621,904370,291,44718,0,1626422437
618,903910,286,45186,0,1629417330
616,904037,280,45067,0,1632417742
593,903987,285,45135,0,1635420061
572,904076,295,45057,0,1638405481
563,904073,281,45083,0,1641405804
583,903836,294,45287,0,1644399856
582,903461,258,45699,0,1647406743
565,903954,224,45257,0,1650403686
563,904160,223,45054,0,1653403577
562,903900,218,45320,0,1656395599
549,904283,216,44952,0,1659385909
548,904629,238,44585,0,1662385297
538,904689,250,44523,0,1665376644
496,904311,260,44933,0,1668377210
507,904738,274,44481,0,1671379273
480,905081,269,44170,0,1674379155
502,904319,234,44945,0,1677378204
491,904690,229,44590,0,1680376151
488,904787,220,44505,0,1683367921
517,904644,256,44583,0,1686364823
531,904388,285,44796,0,1689361977
497,904728,303,44472,0,1692360447
480,904609,312,44599,0,1695349310
435,904613,338,44614,0,1698346323
429,904767,348,44456,0,1701348596
445,904742,334,44479,0,1704326321
475,904750,306,44469,0,1707324769
474,904666,267,44593,0,1710331991
473,904726,251,44550,0,1713325602
472,905010,238,44280,0,1716317256
438,904723,272,44567,0,1719312041
417,904633,278,44672,0,1722317270
396,904627,266,44711,0,1725313041
377,905065,299,44259,0,1728318627
363,904975,270,44392,0,1731310597
321,904824,244,44611,0,1734295093
298,904795,243,44664,0,1737303508
310,904918,215,44557,0,1740304670
298,904836,237,44629,0,1743295570
294,905005,245,44456,0,1746294499
297,904918,251,44534,0,1749296299
278,905017,244,44461,0,1752298752
286,905369,255,44090,0,1755305238
292,905148,245,44315,0,1758300359
295,905097,263,44345,0,1761306083
301,905003,274,44422,0,1764299184
261,904856,251,44632,0,1767279228
270,904817,250,44663,0,1770273241
276,905119,262,44343,0,1773277360
246,904968,248,44538,0,1776277681
234,905261,236,44269,0,1779270233
224,905450,228,44098,0,1782261194
216,905323,264,44197,0,1785262419
195,905339,263,44203,0,1788263647
209,905161,274,44356,0,1791259496
198,904956,239,44607,0,1794247500
179,904953,234,44634,0,1797244942
186,904537,223,45054,0,1800239648
196,904491,187,45126,0,1803237560
195,904320,190,45295,0,1806231928
167,904283,213,45337,0,1809233043
171,904452,207,45170,0,1812231708
165,904636,213,44986,0,1815218709
166,904742,201,44891,0,1818219934
164,904612,185,45039,0,1821217237
163,904782,172,44883,0,1824213783
170,905131,160,44539,0,1827203119
180,905174,170,44476,0,1830197178
188,905484,167,44161,0,1833182227
200,905223,179,44398,0,1836168368
204,905481,190,44125,0,1839165605
208,905429,214,44149,0,1842163297
179,905115,224,44482,0,1845160509
211,905220,231,44338,0,1848161803
196,905294,231,44279,0,1851155875
207,905033,238,44522,0,1854155795
207,904825,204,44764,0,1857145672
205,904516,192,45087,0,1860151100
192,904494,192,45122,0,1863149061
189,904440,184,45187,0,1866147271
210,904546,231,45013,0,1869142315
217,904528,206,45049,0,1872144017
235,904599,215,44951,0,1875133144
242,904734,234,44790,0,1878118946
219,904824,229,44728,0,1881116901
228,904795,216,44761,0,1884126217
230,904922,217,44631,0,1887113832
226,904845,215,44714,0,1890101636
199,905129,213,44459,0,1893092587
180,905346,203,44271,0,1896096581
146,904889,199,44766,0,1899085487
132,904568,213,45087,0,1902074921
128,904154,201,45517,0,1905062423
121,903961,223,45695,0,1908052818
124,903881,223,45772,0,1911054920
122,903924,209,45745,0,1914059634
125,903524,197,46154,0,1917055800
108,903629,203,46060,0,1920055524
124,903999,207,45670,0,1923051493
117,903619,238,46026,0,1926040248
116,903363,233,46288,0,1929010248
116,903843,267,45774,0,1931998361
118,903682,269,45931,0,1934992217
107,903874,263,45756,0,1937984646
115,903960,264,45661,0,1940989016
98,903849,250,45803,0,1943985878
72,904511,262,45155,0,1946976299
58,904278,304,45360,0,1949970261
46,904623,273,45058,0,1952958849
44,904788,272,44896,0,1955960819
37,904519,282,45162,0,1958969558
32,904405,284,45279,0,1961965495
30,904603,246,45121,0,1964961049
36,904529,196,45239,0,1967962881
35,904782,213,44970,0,1970954424
36,904811,185,44968,0,1973930365
45,904822,196,44937,0,1976921112
40,905016,218,44726,0,1979916944
38,905083,264,44615,0,1982917153
38,905238,219,44505,0,1985913558
23,905224,203,44550,0,1988908258
33,905631,205,44131,0,1991903464
42,905815,189,43954,0,1994886740
50,905343,184,44423,0,1997887616
46,905283,191,44480,0,2000888771
42,905426,163,44369,0,2003881107
48,905560,167,44225,0,2006877240
50,905137,183,44630,0,2009882000
51,905163,190,44596,0,2012873037
60,905408,168,44364,0,2015868550
64,905218,172,44546,0,2018863427
50,904957,184,44809,0,2021862625
52,905111,203,44634,0,2024854396
42,904835,205,44918,0,2027849153
35,904986,208,44771,0,2030844843
29,905186,205,44580,0,2033842684
33,905091,184,44692,0,2036829095
20,904844,200,44936,0,2039830676
17,904724,182,45077,0,2042841226
11,904630,183,45176,0,2045840643
20,904619,209,45152,0,2048833134
20,904466,214,45300,0,2051835657
12,904552,257,45179,0,2054837283
16,904623,248,45113,0,2057827935
20,904690,235,45055,0,2060830243
19,904595,221,45165,0,2063829128
21,904684,237,45058,0,2066815184
17,904658,233,45092,0,2069802326
16,904764,215,45005,0,2072809850
17,904817,210,44956,0,2075810750
11,904761,219,45009,0,2078804255
8,904939,206,44847,0,2081794810
6,904910,211,44873,0,2084787026
6,905284,185,44525,0,2087782960
6,905126,212,44656,0,2090779199
5,905337,231,44427,0,2093780050
7,905543,240,44210,0,2096774409
7,905560,231,44202,0,2099763999
9,905737,208,44046,0,2102779511
8,905808,206,43978,0,2105779033
6,905736,226,44032,0,2108774921
3,905547,217,44233,0,2111775924
2,905124,221,44653,0,2114765849
1,905189,215,44595,0,2117747694
4,904943,229,44824,0,2120743176
4,905221,204,44571,0,2123733873
6,905355,211,44428,0,2126735749
3,905601,236,44160,0,2129720819
2,905621,205,44172,0,2132710143
1,905735,195,44069,0,2135703384
2,906032,194,43772,0,2138695281
2,906425,224,43349,0,2141690182
2,906387,201,43410,0,2144688582
1,906612,203,43184,0,2147681920
3,906546,202,43249,0,2150673734
4,906210,213,43573,0,2153669675
6,906191,221,43582,0,2156671672
2,906212,219,43567,0,2159653353
0,905865,230,43905,0,2162638024
0,905863,236,43901,0,2165630860
0,906127,247,43626,0,2168629669
0,905970,246,43784,0,2171635706
0,906137,228,43635,0,2174625479
0,905792,227,43981,0,2177633205
0,905629,225,44146,0,2180622166
0,905737,212,44051,0,2183611653
0,906171,182,43647,0,2186606349
0,906418,208,43374,0,2189609486
0,906563,199,43238,0,2192599524
0,906512,167,43321,0,2195591336
0,906417,186,43397,0,2198577938
0,906267,199,43534,0,2201575913
0,906338,209,43453,0,2204570445
0,906207,235,43558,0,2207572721
0,906609,252,43139,0,2210582921
0,906487,263,43250,0,2213579481
0,906324,276,43400,0,2216577392
0,906192,299,43509,0,2219564029
0,905869,316,43815,0,2222570328
0,905789,285,43926,0,2225561360
0,905744,269,43987,0,2228556403
0,905845,264,43891,0,2231545806
0,905729,275,43996,0,2234537856
0,905687,284,44029,0,2237531688
0,905735,294,43971,0,2240539267
0,905827,274,43899,0,2243521165
0,905987,276,43737,0,2246517374
0,906033,234,43733,0,2249519812
0,906128,224,43648,0,2252523669
0,906207,214,43579,0,2255533842
0,906340,202,43458,0,2258536014
0,906132,227,43641,0,2261533652
0,905821,229,43950,0,2264536913
0,905649,233,44118,0,2267536527
0,905465,202,44333,0,2270523273
0,905989,204,43807,0,2273527071
0,905636,221,44143,0,2276511238
0,906108,261,43631,0,2279504745
0,905997,236,43767,0,2282494275
0,905939,242,43819,0,2285483054
0,905848,235,43917,0,2288467534
0,906029,232,43739,0,2291459150
0,906095,269,43636,0,2294456842
0,905868,262,43870,0,2297454575
0,906147,255,43598,0,2300462799
0,906263,241,43496,0,2303450581
0,906477,235,43288,0,2306436011
0,906563,237,43200,0,2309425040
0,906666,191,43143,0,2312412781
0,906722,173,43105,0,2315406881
0,906715,190,43095,0,2318402085
0,906864,206,42930,0,2321391465
0,907001,181,42818,0,2324367542
0,907148,188,42664,0,2327363503
0,907261,196,42543,0,2330353700
0,907352,186,42462,0,2333358526
0,907287,189,42524,0,2336364372
0,907123,190,42687,0,2339349329
0,907288,207,42505,0,2342347283
0,907036,200,42764,0,2345328660
0,906767,177,43056,0,2348314198
0,906520,198,43282,0,2351303840
0,906350,197,43453,0,2354297377
0,906338,189,43473,0,2357289331
0,906178,200,43622,0,2360278218
0,906168,218,43614,0,2363268617
0,905891,206,43903,0,2366269369
0,905971,217,43812,0,2369258736
0,905631,212,44157,0,2372251086
0,905513,206,44281,0,2375247128
0,905279,219,44502,0,2378245385
0,905026,225,44749,0,2381235783
0,905067,248,44685,0,2384220331
0,904988,260,44752,0,2387227441
0,904882,261,44857,0,2390222020
0,905157,251,44592,0,2393216006
0,904989,247,44764,0,2396209670
0,904994,239,44767,0,2399197669
0,904988,219,44793,0,2402186407
0,905220,182,44598,0,2405174435
0,905683,172,44145,0,2408157743
0,905456,196,44348,0,2411145006
0,905452,178,44370,0,2414140573
0,905457,190,44353,0,2417133114
0,905601,195,44204,0,2420129808
0,905520,193,44287,0,2423119173
0,905668,214,44118,0,2426117509
0,906166,229,43605,0,2429115553
0,905897,218,43885,0,2432096055
0,905905,210,43885,0,2435094942
0,905898,250,43852,0,2438082133
0,905690,242,44068,0,2441068145
0,905635,252,44113,0,2444060818
0,905603,263,44134,0,2447054509
0,906012,275,43713,0,2450048723
0,905893,254,43853,0,2453042027
0,905900,282,43818,0,2456037265
0,906426,261,43313,0,2459051176
0,906458,287,43255,0,2462035225
0,906132,263,43605,0,2465031998
0,906055,256,43689,0,2468029225
0,906162,248,43590,0,2471029523
0,906214,256,43530,0,2474023862
0,906355,260,43385,0,2477004875
0,906636,273,43091,0,2479992936
0,906597,300,43103,0,2482991228
0,906532,300,43168,0,2485980951
0,906733,314,42953,0,2488986742
0,906666,323,43011,0,2491992276
0,906851,313,42836,0,2494981689
0,906602,290,43108,0,2497974350
0,906557,272,43171,0,2500966412
0,906574,296,43130,0,2503960591
0,906761,288,42951,0,2506956694
0,906990,272,42738,0,2509936612
0,906773,296,42931,0,2512944838
0,906923,284,42793,0,2515932032
0,906896,289,42815,0,2518918390
0,906462,299,43239,0,2521916699
0,906538,318,43144,0,2524913192
0,906241,275,43484,0,2527913681
0,906306,273,43421,0,2530914392
0,906578,292,43130,0,2533918054
0,906739,294,42967,0,2536927964
0,906872,320,42808,0,2539925863
0,907128,292,42580,0,2542922192
0,907218,290,42492,0,2545919465
0,907287,268,42445,0,2548917156
0,907381,266,42353,0,2551920267
0,907410,249,42341,0,2554912300
0,907726,265,42009,0,2557915389
0,907832,246,41922,0,2560901173
0,908139,236,41625,0,2563881606
0,907757,238,42005,0,2566874452
0,907915,246,41839,0,2569857429
0,907955,233,41812,0,2572856491
0,908129,225,41646,0,2575849984
0,908234,230,41536,0,2578849280
0,908194,221,41585,0,2581845562
0,908270,207,41523,0,2584829500
0,908134,216,41650,0,2587819055
0,908165,222,41613,0,2590822960
0,908053,235,41712,0,2593810833
0,907732,230,42038,0,2596804481
0,907896,251,41853,0,2599795874
0,907620,248,42132,0,2602789265
0,907760,246,41994,0,2605774099
0,908153,245,41602,0,2608768632
0,908317,232,41451,0,2611758697
0,908305,244,41451,0,2614749784
0,908002,236,41762,0,2617733029
0,907936,218,41846,0,2620712515
0,907856,221,41923,0,2623709215
0,907593,207,42200,0,2626702400
0,907704,213,42083,0,2629702763
0,907047,212,42741,0,2632699059
0,906875,212,42913,0,2635699062
0,906964,222,42814,0,2638695935
0,906804,253,42943,0,2641689611
0,906724,252,43024,0,2644688174
0,906708,249,43043,0,2647684648
0,907036,263,42701,0,2650672448
0,906808,258,42934,0,2653663389
0,906552,269,43179,0,2656663334
0,906803,261,42936,0,2659661952
0,907020,245,42735,0,2662657295
0,906984,228,42788,0,2665647761
0,907208,234,42558,0,2668649362
0,907549,223,42228,0,2671644162
0,907709,215,42076,0,2674642640
0,907907,226,41867,0,2677645351
0,907970,225,41805,0,2680636129
0,907873,226,41901,0,2683623316
0,907595,231,42174,0,2686617747
0,907586,220,42194,0,2689612989
0,907617,237,42146,0,2692598807
0,907736,237,42027,0,2695596358
0,907549,263,42188,0,2698587522
0,907631,283,42086,0,2701581728
0,907077,259,42664,0,2704561059
0,906818,262,42920,0,2707546535
0,906824,262,42914,0,2710545912
0,906783,266,42951,0,2713545668
0,906855,259,42886,0,2716542522
0,906776,253,42971,0,2719529574
0,906608,268,43124,0,2722522924
0,906413,252,43335,0,2725524073
0,906686,236,43078,0,2728521456
0,906629,196,43175,0,2731521058
0,906681,195,43124,0,2734510415
0,906507,184,43309,0,2737507444
0,906367,176,43457,0,2740493480
0,906823,181,42996,0,2743490271
0,906783,181,43036,0,2746486946
0,906853,204,42943,0,2749478546
0,907093,196,42711,0,2752475443
0,906736,223,43041,0,2755474744
0,906695,235,43070,0,2758472595
0,906776,216,43008,0,2761451479
0,906782,241,42977,0,2764440569
0,906840,232,42928,0,2767437704
0,906883,227,42890,0,2770439738
0,907002,225,42773,0,2773445017
0,907272,219,42509,0,2776433693
0,907259,207,42534,0,2779422247
0,907487,225,42288,0,2782410632
0,907688,269,42043,0,2785409192
0,907491,281,42228,0,2788407207
0,907392,262,42346,0,2791388504
0,907621,232,42147,0,2794377813
0,907738,258,42004,0,2797362974
0,907449,238,42313,0,2800362276
0,907514,226,42260,0,2803350980
0,907644,227,42129,0,2806344320
0,907347,235,42418,0,2809330707
0,907266,259,42475,0,2812311877
0,906931,270,42799,0,2815309182
0,906960,255,42785,0,2818297393
0,907101,255,42644,0,2821300653
0,907161,280,42559,0,2824295940
0,907159,291,42550,0,2827298375
0,907089,303,42608,0,2830298444
0,907451,308,42241,0,2833301114
0,907646,294,42060,0,2836290808
0,907414,338,42248,0,2839281079
0,907303,322,42375,0,2842280842
0,906986,326,42688,0,2845270847
0,907104,336,42560,0,2848262369
0,906924,330,42746,0,2851249900
0,906836,345,42819,0,2854242145
0,907106,335,42559,0,2857240099
0,907208,335,42457,0,2860232300
0,907683,345,41972,0,2863236299
0,908236,316,41448,0,2866216232
0,908381,291,41328,0,2869210890
0,908546,273,41181,0,2872200762
0,908477,302,41221,0,2875197811
0,908682,290,41028,0,2878185038
0,908514,319,41167,0,2881163108
0,908533,321,41146,0,2884165734
0,908428,322,41250,0,2887153180
0,908191,335,41474,0,2890155865
0,908095,343,41562,0,2893144825
0,908117,326,41557,0,2896139715
0,908000,348,41652,0,2899136332
0,908031,344,41625,0,2902114836
0,907848,350,41802,0,2905107581
0,908129,367,41504,0,2908103874
0,907885,370,41745,0,2911108970
0,907903,369,41728,0,2914095223
0,907814,382,41804,0,2917083226
0,907939,395,41666,0,2920063422
0,907890,381,41729,0,2923050002
0,907672,387,41941,0,2926045687
0,907670,361,41969,0,2929051057
0,907738,367,41895,0,2932041118
0,907741,349,41910,0,2935037600
0,907732,343,41925,0,2938033275
0,907806,348,41846,0,2941038121
0,907439,356,42205,0,2944022239
0,907531,346,42123,0,2947011890
0,907650,346,42004,0,2950000026
0,907625,386,41989,0,2952995692
0,907456,384,42160,0,2955992449
0,907657,369,41974,0,2958986779
0,908057,397,41546,0,2961969934
0,908178,383,41439,0,2964968116
0,908146,384,41470,0,2967962659
0,908077,369,41554,0,2970952184
0,907812,365,41823,0,2973941784
0,907833,374,41793,0,2976940823
0,907357,386,42257,0,2979933560
0,907447,413,42140,0,2982923611
0,907647,405,41948,0,2985920614
0,907339,372,42289,0,2988918786
0,907588,372,42040,0,2991905924
0,907896,371,41733,0,2994903608
0,907739,372,41889,0,2997907408
0,907888,362,41750,0,3000896895
0,908187,379,41434,0,3003887472
0,908082,376,41542,0,3006894177
0,908150,394,41456,0,3009888743
0,907961,385,41654,0,3012876921
0,908063,383,41554,0,3015880762
0,908222,378,41400,0,3018873470
0,908313,394,41293,0,3021873281
0,908491,366,41143,0,3024865146
0,908447,376,41177,0,3027862580
0,908530,390,41080,0,3030851468
0,908467,397,41136,0,3033849322
0,908491,395,41114,0,3036848863
0,907995,383,41622,0,3039844168
0,908174,365,41461,0,3042838918
0,907955,388,41657,0,3045835881
0,908078,346,41576,0,3048825219
0,908047,322,41631,0,3051820462
0,908276,309,41415,0,3054815501
0,908265,289,41446,0,3057811553
0,908264,260,41476,0,3060805122
0,908429,254,41317,0,3063800482
0,908421,265,41314,0,3066800648
0,908399,265,41336,0,3069801439
0,908569,255,41176,0,3072797995
0,908275,249,41476,0,3075784956
0,908655,228,41117,0,3078794042
0,908361,247,41392,0,3081796503
0,908331,227,41442,0,3084798082
0,908071,261,41668,0,3087801472
0,907711,229,42060,0,3090800903
0,907645,199,42156,0,3093790978
0,907606,196,42198,0,3096792655
0,907645,199,42156,0,3099788065
0,907625,235,42140,0,3102777092
0,907891,252,41857,0,3105767624
0,907892,257,41851,0,3108762658
0,907826,240,41934,0,3111753717
0,908056,251,41693,0,3114759833
0,908503,241,41256,0,3117744543
0,908512,216,41272,0,3120735287
0,908638,215,41147,0,3123732455
0,908318,249,41433,0,3126729570
0,908468,231,41301,0,3129724350
0,908346,249,41405,0,3132709205
0,908225,233,41542,0,3135705739
0,908152,255,41593,0,3138695368
0,907889,241,41870,0,3141689610
0,907891,191,41918,0,3144696266
0,907738,204,42058,0,3147692858
0,907833,203,41964,0,3150697952
0,907589,202,42209,0,3153694683
0,907515,210,42275,0,3156683255
0,907702,192,42106,0,3159689951
0,907707,222,42071,0,3162672058
0,907593,237,42170,0,3165678937
0,907481,262,42257,0,3168673506
0,907523,263,42214,0,3171668637
0,907376,239,42385,0,3174657157
0,907194,248,42558,0,3177642402
0,907556,272,42172,0,3180631845
0,907589,294,42117,0,3183625048
0,907456,265,42279,0,3186598824
0,907388,282,42330,0,3189590882
0,907233,292,42475,0,3192595120
0,907082,308,42610,0,3195596173
0,907026,293,42681,0,3198575771
0,907068,315,42617,0,3201558655
0,907022,302,42676,0,3204547502
0,907034,286,42680,0,3207543424
0,906965,291,42744,0,3210539322
0,907137,279,42584,0,3213537709
0,907222,300,42478,0,3216519486
0,907505,303,42192,0,3219517272
